36 75
37 88
37 101
39 114
42 127
49 138
58 148
69 157
82 158
95 158
106 150
114 139
121 127
125 113
127 99
129 86
130 72
47 62
52 55
60 52
69 54
77 58
93 58
102 54
110 52
118 54
123 62
84 70
84 79
85 88
85 97
75 104
79 105
84 107
89 105
93 104
56 74
61 72
67 72
73 75
67 77
61 77
96 75
102 73
107 73
112 75
108 78
102 77
65 125
73 121
80 119
84 120
88 119
94 121
100 125
93 129
88 130
83 131
79 131
73 130
68 125
79 123
83 123
88 123
97 124
87 125
83 125
79 125
