75 239
75 271
78 304
84 337
97 370
117 399
140 424
168 444
199 448
233 441
260 423
286 402
306 379
319 349
323 315
326 282
328 248
95 199
107 183
128 177
149 180
170 188
216 187
238 179
262 178
284 184
297 201
198 218
197 243
196 268
195 294
167 305
179 310
194 314
209 310
223 305
119 231
130 223
145 224
158 231
145 236
130 236
233 230
245 222
259 222
269 229
258 233
246 233
143 352
162 348
179 346
195 349
212 345
231 344
251 350
234 362
215 371
196 374
181 373
162 366
151 354
180 356
195 357
213 354
242 351
214 354
196 357
181 355
