17 125
19 144
21 161
25 179
33 196
45 210
59 222
74 231
92 233
108 229
120 217
130 203
138 188
143 171
146 154
147 136
147 118
30 116
38 108
49 104
62 104
74 107
99 104
110 100
122 99
132 102
139 109
88 120
89 132
90 145
92 157
78 166
84 168
91 169
97 167
102 164
45 123
52 118
61 118
69 123
61 125
52 126
104 121
111 115
120 114
127 118
121 122
112 122
65 190
74 188
84 186
90 187
96 185
104 185
112 186
105 193
98 197
92 199
84 199
75 197
69 190
84 191
91 191
97 189
108 187
98 189
91 191
84 191
