35 257
40 295
45 332
53 368
69 402
93 431
122 455
154 474
188 476
222 467
246 444
267 416
282 384
293 351
299 315
301 279
300 242
62 237
78 221
102 214
127 213
152 219
204 213
226 205
249 204
270 209
284 223
181 246
183 271
185 296
188 323
161 339
174 343
187 346
199 341
209 335
92 252
107 242
126 240
142 251
126 256
107 258
213 247
228 235
245 233
260 241
247 249
230 249
133 388
153 384
171 380
185 383
197 378
213 378
230 380
215 395
201 403
188 407
173 407
154 403
141 389
171 389
185 390
198 387
222 382
199 387
187 391
172 391
